[ 0 ,   0 ,   9 2 ] 
[ 4 ,   0 ,   0 ] 
[ 0 ,   3 9 ,   0 ] 
[ 0 ,   0 ,   0 ,   0 ,   4 7 ] 
[ 0 ,   0 ,   0 ,   1 ,   0 ] 
[ 9 0 ,   0 ,   0 ,   1 5 ,   0 ] 
[ 0 ,   0 ,   5 9 ,   0 ,   2 7 ] 
[ 0 ,   0 ,   0 ,   1 1 ,   0 ] 
[ 0 ,   8 9 ,   8 9 ,   0 ] 
[ 8 9 ,   0 ,   9 1 ,   3 5 ] 
[ 8 9 ,   9 1 ,   0 ,   0 ] 
[ 0 ,   3 5 ,   0 ,   0 ] 
[ 0 ,   0 ,   0 ,   0 ,   0 ,   0 ] 
[ 0 ,   0 ,   0 ,   0 ,   0 ,   0 ] 
[ 5 1 ,   0 ,   0 ,   0 ,   0 ,   0 ] 
[ 1 8 ,   0 ,   0 ,   0 ,   8 1 ,   5 5 ] 
[ 9 3 ,   7 3 ,   9 8 ,   0 ,   0 ,   0 ] 
[ 0 ,   1 0 ,   6 0 ,   7 9 ,   0 ,   0 ] 
