
Матрица смежности:
0 46 0 0 0 26 26 68 62 0
0 0 0 0 0 0 0 0 0 0
0 39 0 0 0 8 0 0 0 0
0 0 97 0 0 0 0 0 0 0
0 0 0 0 0 0 0 71 12 0
0 0 17 0 0 0 0 84 0 82
0 0 69 0 0 0 0 0 0 61
0 0 29 0 57 0 0 0 0 0
0 0 0 38 29 0 0 0 0 0
0 0 0 0 0 0 5 0 91 0

Путь из вершины 0 в вершину 9

Кратчайший путь: 0 -> 6 -> 9
Длина пути: 87

Матрица смежности:
0 0 92
4 0 0
0 39 0

Путь из вершины 0 в вершину 1

Кратчайший путь: 0 -> 2 -> 1
Длина пути: 131

Матрица смежности:
0 0 0 0 47
0 0 0 1 0
90 0 0 15 0
0 0 59 0 27
0 0 0 11 0

Путь из вершины 0 в вершину 1

Путь не найден

Матрица смежности:
0 89 89 0
89 0 91 35
89 91 0 0
0 35 0 0

Путь из вершины 0 в вершину 3

Кратчайший путь: 0 -> 1 -> 3
Длина пути: 124

Матрица смежности:
0 0 0 0 0 0
0 0 0 0 0 0
51 0 0 0 0 0
18 0 0 0 81 55
93 73 98 0 0 0
0 10 60 79 0 0

Путь из вершины 5 в вершину 0

Кратчайший путь: 5 -> 3 -> 0
Длина пути: 97
